,Spring,Summer,Fall,Jan,Feb,Mar,Apr,May,Jun,Jul,Aug,Sep,Oct,Nov,is_holiday,Mon,Tue,Wed,Thu,Fri,Sat,is_workingday,weather_1.0,weather_2.0,weather_3.0,temp,atemp,humidity,windspeed,TotalCount
0,0,1,0,0,0,0,0,1,0,0,0,0,0,0,0,0,1,0,0,0,0,1,0,1,0,0.6237984004347145,0.6501056228195711,0.9206640387013577,-0.9287579609233595,6073.0
1,0,0,0,0,0,0,0,0,0,0,0,0,0,0,0,0,1,0,0,0,0,1,1,0,0,-0.18031039874097332,-0.0547585456750225,0.6968518804599256,-0.2135015495042483,6606.0
2,0,1,0,0,0,0,0,0,1,0,0,0,0,0,0,0,0,0,1,0,0,1,1,0,0,0.8024892446959784,0.8514953852465978,-0.4483829972641412,0.8039258364827947,7363.0
3,0,0,0,0,0,0,0,0,0,0,0,0,0,0,0,0,0,0,0,0,0,0,1,0,0,-1.5204917307004528,-1.565181763877723,-0.33211340771796516,-0.2690993728428196,2431.0
4,0,0,1,0,0,0,0,0,0,0,0,1,0,0,0,0,0,1,0,0,0,1,0,0,1,0.5344529783040824,0.34802097917903096,1.9757894613244495,-1.1990272878928838,1996.0
5,0,1,0,0,0,0,0,1,0,0,0,0,0,0,0,0,1,0,0,0,0,1,0,1,0,0.6237984004347145,0.6501056228195711,0.4410615738726795,1.9406009676994636,4451.0
6,0,0,0,0,0,0,0,0,0,0,0,0,0,1,0,0,0,0,1,0,0,1,1,0,0,-0.8950737757860291,-0.8603175953831295,-2.095459942113233,2.006653738047449,5315.0
7,0,1,0,0,0,0,0,0,1,0,0,0,0,0,0,0,1,0,0,0,0,1,1,0,0,0.5344529783040824,0.6501056228195711,-0.884385238017485,1.0026720785321708,4891.0
8,0,0,1,0,0,0,0,0,0,0,0,1,0,0,0,0,0,0,0,0,1,0,1,0,0,0.5344529783040824,0.6501056228195711,-0.9221674481922069,0.7245295885335521,8714.0
9,0,0,1,0,0,0,0,0,0,0,1,0,0,0,0,0,0,1,0,0,0,1,1,0,0,1.1598709332185062,1.0528851476736245,-0.09958120466146622,-0.26920162171332745,7347.0
10,0,0,1,0,0,0,0,0,0,0,1,0,0,0,0,0,0,0,0,0,0,0,0,1,0,0.8024892446959784,0.7508005040330845,1.4787469068656376,0.4859957547478607,5255.0
11,0,0,1,0,0,0,0,0,0,0,1,0,0,0,0,0,0,0,0,0,0,0,1,0,0,1.1598709332185062,1.0528851476736245,-0.5029216455554958,1.4548165839172977,4334.0
12,0,1,0,0,0,1,0,0,0,0,0,0,0,0,0,0,0,0,0,1,0,1,1,0,0,-1.341800886439189,-1.4644868826642097,-0.9686766792178475,0.5098580849025994,2210.0
13,0,1,0,0,0,0,0,1,0,0,0,0,0,0,0,0,0,0,1,0,0,1,1,0,0,0.4451075561734505,0.5494107416060577,-0.79427578291651,0.49388169888576855,7384.0
14,0,0,0,0,0,0,0,0,0,0,0,0,1,0,0,0,0,0,0,0,0,0,1,0,0,-0.44834666513286925,-0.35684318931556264,0.7491721493503268,-1.1671767647297298,4381.0
15,0,0,1,0,0,0,0,0,0,0,0,1,0,0,0,0,0,0,0,0,0,0,1,0,0,0.5344529783040824,0.5494107416060577,-0.6024347969850388,0.4302445581035277,8227.0
16,1,0,0,0,0,1,0,0,0,0,0,0,0,0,0,0,0,0,0,0,1,0,1,0,0,-0.9844191979166611,-0.9610124765966428,-0.27398210096280373,0.38268605220862556,2132.0
17,0,0,1,0,0,0,0,0,0,0,0,1,0,0,0,0,1,0,0,0,0,1,1,0,0,0.3557621340428185,0.44871586039254435,-0.79427578291651,-1.2625110553693628,7767.0
18,1,0,0,0,0,1,0,0,0,0,0,0,0,0,0,0,0,0,0,1,0,1,0,1,0,-0.5376920872635013,-0.5582329517425894,-1.581988823222835,2.8625406897411123,4569.0
19,0,1,0,0,0,0,1,0,0,0,0,0,0,0,0,0,0,0,0,0,1,0,0,1,0,-0.8950737757860291,-0.8603175953831295,1.6996570341926163,-0.7381149418617203,2455.0
20,0,0,0,0,0,0,0,0,0,0,0,0,0,1,0,0,0,1,0,0,0,1,1,0,0,-0.8950737757860291,-0.7596227141696161,-0.14027242178649438,-1.1194648855290659,5146.0
21,0,0,0,0,0,0,0,0,0,0,0,0,0,1,0,0,0,0,0,0,0,0,1,0,0,-0.9844191979166611,-0.9610124765966428,-0.704166327815535,-0.14986440872200782,5107.0
22,1,0,0,0,0,0,0,0,0,0,0,0,0,0,1,1,0,0,0,0,0,0,1,0,0,-1.073764620047293,-1.0617073578101561,-0.8852642185348436,0.6215649759322808,1317.0
23,1,0,0,1,0,0,0,0,0,0,0,0,0,0,0,1,0,0,0,0,0,1,0,1,0,-1.877873419222981,-1.8672664075182632,-0.21003278030702938,-0.04654192507395916,1501.0
24,0,0,0,0,0,0,0,0,0,0,0,0,0,0,0,0,0,1,0,0,0,1,0,0,1,-0.5376920872635013,-0.5582329517425894,2.347849357457872,0.9629483923399225,705.0
25,1,0,0,0,0,1,0,0,0,0,0,0,0,0,0,1,0,0,0,0,0,1,1,0,0,-0.2696558208716053,-0.15545342688853586,-1.0093678963428756,0.2157392088871499,5298.0
26,0,1,0,0,0,0,1,0,0,0,0,0,0,0,0,0,1,0,0,0,0,1,0,1,0,-0.5376920872635013,-0.5582329517425894,0.05737960200973703,2.5208633078307603,1795.0
27,0,1,0,0,0,0,0,1,0,0,0,0,0,0,0,0,0,0,0,0,0,0,1,0,0,0.08772586765092258,0.2473260979655176,-0.015282787425251907,-1.4851196275734775,4333.0
28,0,0,1,0,0,0,0,0,0,0,0,1,0,0,1,1,0,0,0,0,0,0,1,0,0,1.1598709332185062,1.153580028887138,1.095064935002695,-0.5075693010844439,6034.0
29,1,0,0,1,0,0,0,0,0,0,0,0,0,0,0,0,0,0,0,0,0,0,0,1,0,-0.8057283536553972,-0.8603175953831295,0.4341134421640346,0.7375407573056594,801.0
30,0,1,0,0,0,0,0,1,0,0,0,0,0,0,0,0,0,0,0,0,0,0,1,0,0,0.6237984004347145,0.6501056228195711,-0.40187376623850013,0.4381816266766894,6118.0
31,1,0,0,1,0,0,0,0,0,0,0,0,0,0,0,0,0,0,0,1,0,1,0,1,0,-1.6991825749617169,-1.6658766450912363,1.1104819742357346,-0.863152529383845,1167.0
32,0,1,0,0,0,1,0,0,0,0,0,0,0,0,0,0,0,0,1,0,0,1,0,0,1,-1.341800886439189,-1.4644868826642097,1.9845095061395164,0.3426939627312946,1685.0
33,0,0,0,0,0,0,0,0,0,0,0,0,0,1,0,0,0,0,0,0,1,0,1,0,0,-0.9844191979166611,-1.0617073578101561,-0.8000868207812697,-0.02264125159278006,3926.0
34,1,0,0,0,0,1,0,0,0,0,0,0,0,0,0,0,1,0,0,0,0,1,0,1,0,-1.073764620047293,-1.0617073578101561,0.15203743248625168,-0.08338986178317782,2056.0
35,0,0,1,0,0,0,0,0,0,1,0,0,0,0,1,1,0,0,0,0,0,0,0,1,0,1.2492163553491382,1.153580028887138,0.02831743665008247,-1.397671281071752,6043.0
36,0,0,0,0,0,0,0,0,0,0,0,0,0,0,0,1,0,0,0,0,0,1,0,1,0,-0.44834666513286925,-0.35684318931556264,2.0310187371651574,-0.006715990011203093,5170.0
37,0,0,1,0,0,0,0,0,1,0,0,0,0,0,0,0,1,0,0,0,0,1,0,1,0,0.9811800889572423,0.9521902664601112,0.9526421870471717,-0.2531741112612426,4835.0
38,1,0,0,0,1,0,0,0,0,0,0,0,0,0,0,0,0,1,0,0,0,1,1,0,0,-0.6270375093941332,-0.5582329517425894,-0.46000507299366256,0.5577361185178381,4773.0
39,0,0,1,0,0,0,0,0,0,0,1,0,0,0,0,1,0,0,0,0,0,1,1,0,0,0.8918346668266104,0.8514953852465978,0.545702111653484,0.23160056492465947,4338.0
40,0,0,1,0,0,0,0,0,0,0,1,0,0,0,0,0,0,1,0,0,0,1,1,0,0,1.1598709332185062,1.153580028887138,0.30444986378191624,-0.63463908490791,7580.0
41,0,0,1,0,0,0,0,0,0,1,0,0,0,0,0,0,0,0,0,1,0,1,1,0,0,1.78528888813293,1.6570544349547047,-1.2767872546954944,-0.5712064418666848,6207.0
42,0,0,1,0,0,0,0,0,0,0,1,0,0,0,0,0,0,0,1,0,0,1,1,0,0,1.1598709332185062,1.0528851476736245,-0.3030442663224588,-1.4534224777160851,7713.0
43,0,1,0,0,0,0,1,0,0,0,0,0,0,0,0,0,0,0,0,0,1,0,0,1,0,-1.073764620047293,-1.0617073578101561,0.13876901229564562,0.08068123205526824,2252.0
44,0,0,1,0,0,0,0,0,0,0,0,1,0,0,0,0,1,0,0,0,0,1,0,1,0,0.6237984004347145,0.5494107416060577,1.6647768549323487,2.1312951111963567,4073.0
45,1,0,0,1,0,0,0,0,0,0,0,0,0,0,0,0,0,0,0,1,0,1,1,0,0,-0.9844191979166611,-0.9610124765966428,-0.6402239831956125,-0.2930128274328122,4098.0
46,0,0,0,0,0,0,0,0,0,0,0,1,0,0,0,0,0,0,0,0,0,0,1,0,0,0.08772586765092258,0.2473260979655176,-1.163426672099625,0.4144215453924585,7907.0
47,0,1,0,0,0,0,0,1,0,0,0,0,0,0,0,0,0,0,0,1,0,1,1,0,0,-0.18031039874097332,-0.0547585456750225,-0.305953273272765,0.4781737161540203,4608.0
48,1,0,0,0,1,0,0,0,0,0,0,0,0,0,0,0,1,0,0,0,0,1,1,0,0,-0.8057283536553972,-0.8603175953831295,-1.6604692265584369,0.03302047728985864,4363.0
49,0,0,0,0,0,0,0,0,0,0,0,0,0,0,0,0,0,0,0,0,0,0,0,1,0,-0.7163829315247652,-0.5582329517425894,1.8944070270743942,-0.41996758127695694,3228.0
50,1,0,0,0,1,0,0,0,0,0,0,0,0,0,0,0,0,1,0,0,0,1,1,0,0,-0.8950737757860291,-0.8603175953831295,-0.7157953795809081,-0.11801388555885353,4169.0
51,0,0,0,0,0,0,0,0,0,0,0,0,0,1,0,0,0,0,0,0,1,0,1,0,0,-0.8950737757860291,-0.7596227141696161,-0.5646456107744651,0.2713242511169077,4067.0
52,1,0,0,1,0,0,0,0,0,0,0,0,0,0,0,0,0,0,1,0,0,1,0,1,0,-0.7163829315247652,-0.6589278329561027,1.1793633522389104,-0.12610432743777697,4097.0
53,1,0,0,1,0,0,0,0,0,0,0,0,0,0,0,0,0,0,1,0,0,1,1,0,0,-1.9672188413536127,-2.06865616994529,-1.1401685685688778,1.4080505067688303,1406.0
54,0,0,0,0,0,0,0,0,0,0,0,1,0,0,0,1,0,0,0,0,0,1,1,0,0,-0.0016195544797093868,0.14663121675200425,-0.983207761897675,-0.6189822266114157,7436.0
55,1,0,0,0,0,1,0,0,0,0,0,0,0,0,0,0,0,1,0,0,0,1,1,0,0,0.3557621340428185,0.44871586039254435,-0.884385238017485,-0.9684433037891677,6312.0
56,0,1,0,0,0,0,0,1,0,0,0,0,0,0,0,0,0,0,1,0,0,1,1,0,0,0.8024892446959784,0.7508005040330845,0.5776802599992961,-0.22926065667125042,6770.0
57,1,0,0,0,0,0,0,0,0,0,0,0,0,0,0,1,0,0,0,0,0,1,0,1,0,-1.6098371528310849,-1.6658766450912363,-0.39315372142343374,-0.45995967075428784,2729.0
58,0,0,1,0,0,0,0,0,1,0,0,0,0,0,0,0,0,0,0,1,0,1,1,0,0,1.517252621741034,1.5563595537411914,-0.4193138558686344,-0.10213974841253047,5823.0
59,0,0,1,0,0,0,0,0,0,1,0,0,0,0,0,0,0,0,0,0,1,0,0,1,0,1.0705255110878742,1.153580028887138,0.45559963258835884,-0.6026863128742482,6969.0
60,0,0,1,0,0,0,0,0,0,0,1,0,0,0,0,0,0,0,0,0,1,0,0,1,0,0.9811800889572423,0.9521902664601112,1.507816048261145,2.361738503103125,1115.0
61,0,1,0,0,0,0,1,0,0,0,0,0,0,0,0,1,0,0,0,0,0,1,1,0,0,0.5344529783040824,0.5494107416060577,0.9962424111225061,-0.07030200635819002,4073.0
62,1,0,0,0,0,1,0,0,0,0,0,0,0,0,0,0,0,0,0,0,0,0,0,1,0,-0.18031039874097332,-0.15545342688853586,1.228774614179005,-0.8173578165052012,5892.0
63,1,0,0,0,0,0,0,0,0,0,0,0,0,0,0,1,0,0,0,0,0,1,0,1,0,-1.5204917307004528,-1.4644868826642097,1.0983506478890124,-1.4519782124201634,920.0
64,0,0,0,0,0,0,0,0,0,0,0,0,0,1,0,0,0,0,0,0,0,0,1,0,0,-0.8950737757860291,-0.7596227141696161,0.7026629183246857,-1.2625110553693628,3649.0
65,1,0,0,0,1,0,0,0,0,0,0,0,0,0,0,0,1,0,0,0,0,1,0,1,0,-1.073764620047293,-0.9610124765966428,-0.8727561862521119,-0.63463908490791,3922.0
66,0,1,0,0,0,0,0,1,0,0,0,0,0,0,0,0,1,0,0,0,0,1,0,1,0,0.8918346668266104,0.7508005040330845,0.7462631424000201,0.2078021403139882,4492.0
67,0,0,1,0,0,0,0,0,0,0,1,0,0,0,0,0,0,0,0,1,0,1,0,1,0,1.1598709332185062,1.153580028887138,0.5718622460986826,0.6132316929859016,5786.0
68,1,0,0,1,0,0,0,0,0,0,0,0,0,0,0,0,0,0,0,0,1,0,0,1,0,-1.5204917307004528,-1.4644868826642097,-0.9425165447726469,-0.4201209545827183,1248.0
69,0,0,0,0,0,0,0,0,0,0,0,0,0,1,0,1,0,0,0,0,0,1,0,1,0,-0.7163829315247652,-0.6589278329561027,-0.07342107021626561,0.5653536593706628,5499.0
70,0,1,0,0,0,0,1,0,0,0,0,0,0,0,0,0,0,0,0,0,0,0,1,0,0,-0.09096497661034136,0.04593633553849087,-2.497593528804857,0.5337715394925916,5169.0
71,1,0,0,0,1,0,0,0,0,0,0,0,0,0,0,0,0,0,1,0,0,1,0,1,0,-1.163110042177925,-1.263097120237183,0.44321019291511193,0.7625533872536095,1807.0
72,1,0,0,0,0,1,0,0,0,0,0,0,0,0,0,0,1,0,0,0,0,1,1,0,0,-1.4311463085698208,-1.4644868826642097,-1.2360890615346145,0.1283419868206782,3956.0
73,0,0,1,0,0,0,0,0,0,1,0,0,0,0,0,0,0,0,1,0,0,1,1,0,0,1.517252621741034,1.6570544349547047,-0.3524625042984056,-0.157903726165677,4390.0
74,0,0,0,0,0,0,0,0,0,0,0,0,0,0,0,0,0,0,0,0,0,0,1,0,0,-1.6098371528310849,-1.4644868826642097,-1.003556858478115,-1.588582703418474,2743.0
75,1,0,0,0,0,1,0,0,0,0,0,0,0,0,0,0,0,0,0,1,0,1,0,1,0,-0.44834666513286925,-0.35684318931556264,1.452586772420439,-0.9923439772703462,4378.0
76,0,1,0,0,0,0,0,1,0,0,0,0,0,0,0,0,0,0,1,0,0,1,1,0,0,0.17707128978155456,0.2473260979655176,0.7927723734256612,-0.014908680760633994,4864.0
77,1,0,0,1,0,0,0,0,0,0,0,0,0,0,1,1,0,0,0,0,0,0,1,0,0,-1.7885279970923489,-1.8672664075182632,-0.7768356932863762,0.5179485267815225,2298.0
78,0,0,1,0,0,0,0,0,1,0,0,0,0,0,0,0,0,0,0,1,0,1,1,0,0,1.2492163553491382,1.0528851476736245,-0.4222228628189406,0.39866243822545644,4991.0
79,0,0,1,0,0,0,0,0,0,1,0,0,0,0,0,1,0,0,0,0,0,1,1,0,0,1.2492163553491382,1.2542749101006514,0.24340955007644813,-0.47566765348603607,7105.0
80,0,0,1,0,0,0,0,0,0,1,0,0,0,0,0,1,0,0,0,0,0,1,1,0,0,1.4279071996104022,1.5563595537411914,0.01377937793440315,1.1695166729831388,4086.0
81,0,0,0,0,0,0,0,0,0,0,0,1,0,0,0,0,0,1,0,0,0,1,0,1,0,0.7131438225653464,0.5494107416060577,1.499096003446078,-0.5394198242475982,3907.0
82,1,0,0,0,1,0,0,0,0,0,0,0,0,0,0,0,0,0,0,0,0,0,1,0,0,-2.145909685614877,-2.4714356947993434,-1.1808667617297588,2.791119853691472,1529.0
83,0,1,0,0,0,0,0,0,1,0,0,0,0,0,0,0,0,0,0,0,1,0,1,0,0,0.4451075561734505,0.5494107416060577,-0.5908057452196657,-0.054594023626441814,8120.0
84,0,1,0,0,0,0,0,1,0,0,0,0,0,0,0,0,0,1,0,0,0,1,0,1,0,-0.5376920872635013,-0.5582329517425894,0.7201030079548215,1.765870429110588,2633.0
85,0,1,0,0,0,0,0,1,0,0,0,0,0,0,0,0,0,0,1,0,0,1,0,1,0,0.08772586765092258,0.14663121675200425,1.3653863242697684,-1.0559811180525864,4575.0
86,0,0,0,0,0,0,0,0,0,0,0,0,0,1,0,0,0,0,1,0,0,1,0,1,0,-0.8057283536553972,-0.7596227141696161,-0.36408458002792593,-0.4280068987206261,5986.0
87,1,0,0,0,1,0,0,0,0,0,0,0,0,0,1,1,0,0,0,0,0,0,0,1,0,-1.163110042177925,-1.263097120237183,-0.20131273549196252,1.4955499777058097,1107.0
88,0,0,1,0,0,0,0,0,0,0,1,0,0,0,0,0,1,0,0,0,0,1,1,0,0,1.517252621741034,1.5563595537411914,-0.4425649833635293,-0.5075693010844439,4602.0
89,0,1,0,0,0,0,1,0,0,0,0,0,0,0,0,0,0,0,0,0,1,0,0,1,0,-0.2696558208716053,-0.25614830810204925,1.772326399663456,0.5098580849025994,4036.0
90,0,0,0,0,0,0,0,0,0,0,0,1,0,0,0,0,0,0,0,1,0,1,0,1,0,0.5344529783040824,0.2473260979655176,2.3623804401376987,-1.4374460916992542,2395.0
91,0,0,0,0,0,0,0,0,0,0,0,0,1,0,0,1,0,0,0,0,0,1,0,1,0,-0.7163829315247652,-0.5582329517425894,0.8857838594410902,-1.3738089509170133,3570.0
92,0,0,0,0,0,0,0,0,0,0,0,1,0,0,0,0,0,0,0,1,0,1,1,0,0,0.3557621340428185,0.34802097917903096,0.09516878822031125,0.1999161961760804,5202.0
93,0,0,0,0,0,0,0,0,0,0,0,0,0,0,0,0,0,0,0,1,0,1,1,0,0,-1.252455464308557,-1.0617073578101561,0.43234152905761364,-1.3818482683606828,3620.0
94,0,0,1,0,0,0,0,0,0,0,0,1,0,0,0,0,0,1,0,0,0,1,1,0,0,0.8918346668266104,0.8514953852465978,0.4410615738726795,-0.3007837415913987,4785.0
95,0,0,1,0,0,0,0,0,0,1,0,0,0,0,0,0,0,0,0,0,1,0,1,0,0,1.3385617774797702,1.153580028887138,-1.3203874787708287,-0.9684433037891677,5119.0
96,0,1,0,0,0,0,1,0,0,0,0,0,0,0,0,0,0,0,0,0,1,0,0,0,1,-0.44834666513286925,-0.35684318931556264,1.7752284305779134,1.9168408864152326,795.0
97,0,0,0,0,0,0,0,0,0,0,0,0,1,0,0,0,0,0,0,1,0,1,0,1,0,-0.9844191979166611,-1.0617073578101561,-0.3350224146682714,0.49393282332102206,3747.0
98,0,1,0,0,0,1,0,0,0,0,0,0,0,0,0,0,0,0,1,0,0,1,1,0,0,0.2664167119121865,0.2473260979655176,1.3770153760351418,-0.9364905317555056,6871.0
99,0,0,0,0,0,0,0,0,0,0,0,0,0,0,0,0,0,0,1,0,0,1,0,1,0,-0.9844191979166611,-0.9610124765966428,0.23759851221168699,-0.7460392293260681,4128.0
100,0,0,1,0,0,0,0,0,0,1,0,0,0,0,0,0,0,0,0,0,0,0,1,0,0,1.78528888813293,1.959139078595245,-0.4193138558686344,-0.833385326957286,4672.0
101,0,0,1,0,0,0,0,0,0,0,1,0,0,0,0,1,0,0,0,0,0,1,1,0,0,0.7131438225653464,0.7508005040330845,-0.5530235350449433,-0.39632252997204737,4634.0
102,0,0,1,0,0,0,0,0,0,0,1,0,0,0,0,0,0,0,0,1,0,1,0,1,0,0.9811800889572423,0.9521902664601112,0.6212804840746304,-0.6585525394979025,4153.0
103,0,1,0,0,0,0,0,0,1,0,0,0,0,0,0,0,0,0,0,1,0,1,1,0,0,0.6237984004347145,0.6501056228195711,-1.951132736370098,0.7961037978889542,5312.0
104,0,0,0,0,0,0,0,0,0,0,0,0,0,1,0,0,0,1,0,0,0,1,0,1,0,-0.3590012430022373,-0.35684318931556264,0.865441738896501,1.853152621197738,2566.0
105,0,0,1,0,0,0,0,0,0,1,0,0,0,0,0,1,0,0,0,0,0,1,1,0,0,1.3385617774797702,1.455664672527678,0.8596237249958896,-1.2784363169509398,3840.0
106,0,1,0,0,0,0,1,0,0,0,0,0,0,0,0,0,1,0,0,0,0,1,1,0,0,-0.2696558208716053,-0.15545342688853586,-1.6546512126578243,-1.1592524772653816,6772.0
107,0,0,1,0,0,0,0,0,0,0,0,1,0,0,0,0,0,0,0,1,0,1,1,0,0,0.5344529783040824,0.5494107416060577,0.24340955007644813,-0.46784561489219567,8167.0
108,0,0,0,0,0,0,0,0,0,0,0,0,1,0,0,0,0,0,0,0,1,0,1,0,0,-0.44834666513286925,-0.35684318931556264,-0.032722877055384667,-1.254676235666709,4308.0
109,0,1,0,0,0,0,0,1,0,0,0,0,0,0,0,0,1,0,0,0,0,1,1,0,0,1.517252621741034,1.5563595537411914,0.019597391835015594,-1.016155182989831,3982.0
110,0,1,0,0,0,0,0,0,1,0,0,0,0,0,0,1,0,0,0,0,0,1,1,0,0,0.9811800889572423,0.8514953852465978,-0.23619291475223,-0.8810972061579495,4548.0
111,0,1,0,0,0,0,1,0,0,0,0,0,0,0,0,0,1,0,0,0,0,1,1,0,0,-0.3590012430022373,-0.35684318931556264,-1.3872388303410574,0.7482257642737159,5918.0
112,0,1,0,0,0,0,0,0,1,0,0,0,0,0,0,1,0,0,0,0,0,1,1,0,0,0.7131438225653464,0.7508005040330845,-0.9715856861681538,1.463648330107402,5020.0
113,0,1,0,0,0,0,0,0,1,0,0,0,0,0,0,0,0,0,0,1,0,1,1,0,0,0.8024892446959784,0.7508005040330845,0.7113829631397527,-0.6109940336030004,4844.0
114,0,1,0,0,0,0,0,1,0,0,0,0,0,0,0,0,0,0,1,0,0,1,1,0,0,1.1598709332185062,1.0528851476736245,0.30444986378191624,0.11258287965367608,4677.0
115,0,0,1,0,0,0,0,0,0,1,0,0,0,0,0,0,1,0,0,0,0,1,1,0,0,1.517252621741034,1.3549697913141647,-0.6489440280106794,0.12045604268277041,4590.0
116,0,1,0,0,0,0,0,1,0,0,0,0,0,0,0,0,1,0,0,0,0,1,0,1,0,0.6237984004347145,0.5494107416060577,1.1212250694478978,-0.5552300558498539,5115.0
117,0,0,1,0,0,0,0,0,0,1,0,0,0,0,0,0,0,0,0,1,0,1,0,1,0,1.1598709332185062,1.153580028887138,0.865441738896501,0.4383349999824508,4040.0
118,0,0,0,0,0,0,0,0,0,0,0,0,0,1,0,1,0,0,0,0,0,1,0,0,1,-0.3590012430022373,-0.25614830810204925,1.926378199384355,-0.674580049949987,2765.0
119,0,0,1,0,0,0,0,0,0,0,0,1,0,0,0,1,0,0,0,0,0,1,1,0,0,0.4451075561734505,0.5494107416060577,-0.9076363655123794,0.8675757583738493,7525.0
120,0,0,0,0,0,0,0,0,0,0,0,0,1,0,0,0,0,0,0,0,0,0,1,0,0,0.08772586765092258,0.14663121675200425,0.04575752628021671,1.1219070426529831,6639.0
121,0,1,0,0,0,1,0,0,0,0,0,0,0,0,0,1,0,0,0,0,0,1,0,1,0,-0.44834666513286925,-0.45753807052907597,0.722251626997254,1.2519037003947324,2077.0
122,0,0,1,0,0,0,0,0,0,0,1,0,0,0,0,0,0,0,0,0,0,0,1,0,0,1.0705255110878742,1.0528851476736245,-0.7216064174456678,-0.8732240431288554,6544.0
123,0,0,0,0,0,0,0,0,0,0,0,0,1,0,0,0,0,0,0,1,0,1,0,1,0,0.2664167119121865,0.34802097917903096,1.2636547934392726,-0.7142014872717277,5424.0
124,0,0,1,0,0,0,0,0,0,0,1,0,0,0,0,0,0,0,1,0,0,1,1,0,0,1.1598709332185062,1.153580028887138,0.14458005016040676,0.541593578086432,3805.0
125,0,0,0,0,0,0,0,0,0,0,0,0,1,0,0,0,0,1,0,0,0,1,0,1,0,0.8024892446959784,0.7508005040330845,1.1154140315831356,-1.58853157898322,7572.0
126,0,1,0,0,0,0,1,0,0,0,0,0,0,0,0,1,0,0,0,0,0,1,0,1,0,0.5344529783040824,0.5494107416060577,0.579696334360539,1.7080742550561003,3348.0
127,0,0,0,0,0,0,0,0,0,0,0,0,1,0,0,0,1,0,0,0,0,1,0,1,0,0.17707128978155456,0.2473260979655176,0.4730397222184936,-1.0320293201361541,4748.0
128,1,0,0,0,0,1,0,0,0,0,0,0,0,0,0,0,1,0,0,0,0,1,1,0,0,0.2664167119121865,0.34802097917903096,1.214243531499178,-0.889085399166365,6093.0
129,0,0,0,0,0,0,0,0,0,0,0,0,0,1,0,0,0,0,0,1,0,1,1,0,0,-0.8057283536553972,-0.6589278329561027,-0.4541940351289019,-0.5471907384061844,3910.0
130,1,0,0,0,1,0,0,0,0,0,0,0,0,0,0,0,0,1,0,0,0,1,1,0,0,-1.6098371528310849,-1.565181763877723,-1.4706512910240614,-1.236194752322439,1917.0
131,1,0,0,1,0,0,0,0,0,0,0,0,0,0,0,0,0,0,0,1,0,1,0,1,0,-0.44834666513286925,-0.45753807052907597,0.7491721493503268,1.9406009676994636,3456.0
132,0,0,0,0,0,0,0,0,0,0,0,0,0,0,0,0,0,0,1,0,0,1,1,0,0,-1.4311463085698208,-1.4644868826642097,-0.8727561862521119,-0.20551335649583305,5375.0
133,1,0,0,0,0,0,0,0,0,0,0,0,0,0,0,0,0,0,0,0,0,0,1,0,0,-1.4311463085698208,-1.565181763877723,-1.0500660895037557,2.043961794673953,1796.0
134,0,0,1,0,0,0,0,0,0,0,0,1,0,0,0,0,0,0,0,1,0,1,0,1,0,0.8024892446959784,0.5494107416060577,1.842086758183991,-0.8493617129741167,3544.0
135,0,1,0,0,0,0,0,1,0,0,0,0,0,0,0,1,0,0,0,0,0,1,0,1,0,0.3557621340428185,0.44871586039254435,1.0863448901876303,0.27937634966939034,2843.0
136,0,1,0,0,0,0,1,0,0,0,0,0,0,0,0,0,0,0,0,1,0,1,1,0,0,0.08772586765092258,0.14663121675200425,0.4236214842425458,-0.5235456871012748,7290.0
137,0,0,0,0,0,0,0,0,0,0,0,1,0,0,0,0,0,0,1,0,0,1,1,0,0,0.6237984004347145,0.5494107416060577,0.45559963258835884,-0.22942681108582563,4839.0
138,1,0,0,0,1,0,0,0,0,0,0,0,0,0,0,1,0,0,0,0,0,1,1,0,0,-0.5376920872635013,-0.5582329517425894,-1.7999899435995068,2.90226437593336,1913.0
139,0,1,0,0,0,0,1,0,0,0,0,0,0,0,0,0,0,0,0,0,0,0,0,1,0,0.4451075561734505,0.44871586039254435,1.2345856520437672,0.01714634014353558,4191.0
140,1,0,0,1,0,0,0,0,0,0,0,0,0,0,0,0,1,0,0,0,0,1,0,1,0,-1.6098371528310849,-1.565181763877723,-0.11790027480895865,-0.7801264465315786,1985.0
141,0,0,1,0,0,0,0,0,0,1,0,0,0,0,0,0,0,0,0,0,0,0,1,0,0,1.695943466002298,1.5563595537411914,-1.0675061791338893,-0.3325703592104852,4302.0
142,0,1,0,0,0,0,0,0,1,0,0,0,0,0,0,0,0,0,0,0,0,0,0,1,0,1.0705255110878742,1.0528851476736245,0.2288784673966211,-1.1353901471106431,4744.0
143,0,1,0,0,0,0,0,0,1,0,0,0,0,0,0,1,0,0,0,0,0,1,1,0,0,0.5344529783040824,0.5494107416060577,-1.023905955058555,1.2014183205815467,6998.0
144,1,0,0,0,1,0,0,0,0,0,0,0,0,0,0,0,0,1,0,0,0,1,0,1,0,-1.4311463085698208,-1.4644868826642097,0.9875223663074392,0.9390860621851838,1526.0
145,0,1,0,0,0,0,1,0,0,0,0,0,0,0,0,0,0,1,0,0,0,1,1,0,0,0.4451075561734505,0.5494107416060577,-0.13736341483618816,0.6530065036134037,3944.0
146,0,1,0,0,0,0,0,1,0,0,0,0,0,0,0,0,1,0,0,0,0,1,0,1,0,0.2664167119121865,0.34802097917903096,1.423524607060783,1.1058284077656442,4123.0
147,0,0,0,0,0,0,0,0,0,0,0,0,0,1,0,0,0,0,0,0,0,0,1,0,0,-0.2696558208716053,-0.15545342688853586,0.4497816186877464,0.23160056492465947,3071.0
148,0,0,1,0,0,0,0,0,0,0,1,0,0,0,0,0,0,0,1,0,0,1,1,0,0,1.1598709332185062,1.0528851476736245,-1.4657192336766593,-0.33278763806031436,4792.0
149,1,0,0,1,0,0,0,0,0,0,0,0,0,0,0,0,0,0,0,0,1,0,1,0,0,-1.7885279970923489,-1.76657152630475,0.12474020419716626,-0.5811373634147464,1098.0
150,0,0,0,0,0,0,0,0,0,0,0,0,1,0,0,0,0,0,0,0,1,0,1,0,0,-0.0016195544797093868,0.04593633553849087,-1.0500660895037557,0.8595236598213664,5217.0
151,1,0,0,0,1,0,0,0,0,0,0,0,0,0,0,0,0,0,0,1,0,1,0,1,0,-0.8057283536553972,-0.8603175953831295,0.5463369309160192,1.9900894210251987,1461.0
152,0,0,0,0,0,0,0,0,0,0,0,0,1,0,0,0,0,0,0,1,0,1,1,0,0,0.6237984004347145,0.6501056228195711,-0.04435192882075925,-1.0797923237720717,8156.0
153,0,0,0,0,0,0,0,0,0,0,0,0,1,0,0,0,0,1,0,0,0,1,1,0,0,-0.2696558208716053,-0.25614830810204925,0.41199940851302547,-1.1434294645543124,7461.0
154,1,0,0,0,1,0,0,0,0,0,0,0,0,0,0,0,0,0,0,1,0,1,1,0,0,0.08772586765092258,0.14663121675200425,-0.8175269104114045,0.9469720063230919,2927.0
155,1,0,0,0,0,0,0,0,0,0,0,0,0,0,0,0,0,0,0,1,0,1,0,1,0,-1.4311463085698208,-1.4644868826642097,-0.305953273272765,-0.4519714777458726,3095.0
156,0,0,1,0,0,0,0,0,1,0,0,0,0,0,0,0,0,0,0,1,0,1,1,0,0,1.874634310263562,1.959139078595245,-1.012276903293182,-0.32485056948715263,5463.0
157,0,1,0,0,0,0,1,0,0,0,0,0,0,0,0,0,0,0,0,0,0,0,0,0,1,-0.6270375093941332,-0.5582329517425894,1.4060845174306473,1.964616671159964,1027.0
158,0,0,1,0,0,0,0,0,0,1,0,0,0,0,0,0,0,0,0,0,0,0,1,0,0,1.695943466002298,1.6570544349547047,-0.8029958277315764,-0.28507575885965086,5531.0
159,1,0,0,0,0,1,0,0,0,0,0,0,0,0,0,0,0,0,0,0,1,0,0,1,0,-0.7163829315247652,-0.6589278329561027,1.0834428592731729,0.7801274118721238,2077.0
160,1,0,0,0,1,0,0,0,0,0,0,0,0,0,0,0,0,0,0,0,1,0,1,0,0,-0.8950737757860291,-0.8603175953831295,-0.6925442520860138,0.0012210785619582581,4318.0
161,1,0,0,1,0,0,0,0,0,0,0,0,0,0,0,0,0,0,0,1,0,1,0,1,0,-1.6098371528310849,-1.6658766450912363,-1.282598292560255,0.1523065658459247,3163.0
162,0,0,0,0,0,0,0,0,0,0,0,0,1,0,0,0,1,0,0,0,0,1,0,1,0,-0.3590012430022373,-0.25614830810204925,0.8916018733417016,-0.0068182388817109125,6392.0
163,0,0,0,0,0,0,0,0,0,0,0,0,0,1,0,0,0,0,0,0,1,0,1,0,0,-0.9844191979166611,-1.0617073578101561,-0.9192654172777525,0.4302445581035277,3663.0
164,0,1,0,0,0,1,0,0,0,0,0,0,0,0,0,0,1,0,0,0,0,1,1,0,0,-1.073764620047293,-1.0617073578101561,-2.3987640288888152,-0.04654192507395916,5102.0
165,0,0,1,0,0,0,0,0,0,1,0,0,0,0,0,0,0,0,0,0,1,0,0,0,1,0.5344529783040824,0.44871586039254435,1.6153655929922541,0.2871472638279769,4459.0
166,0,0,1,0,0,0,0,0,0,0,1,0,0,0,0,0,1,0,0,0,0,1,1,0,0,0.7131438225653464,0.7508005040330845,-1.2448091063496813,-0.563269373293523,5895.0
167,0,0,1,0,0,0,0,0,0,1,0,0,0,0,0,0,0,1,0,0,0,1,1,0,0,1.1598709332185062,1.0528851476736245,-0.003660711695730601,-0.49974726249060386,7264.0
168,0,1,0,0,0,0,1,0,0,0,0,0,0,0,0,0,0,0,0,0,1,0,1,0,0,-0.3590012430022373,-0.35684318931556264,-2.648736321575448,1.0740929145818112,6857.0
169,1,0,0,0,1,0,0,0,0,0,0,0,0,0,0,0,0,1,0,0,0,1,0,1,0,-0.8950737757860291,-0.8603175953831295,1.1923806351388422,-0.1497493787426865,1834.0
170,0,0,0,0,0,0,0,0,0,0,0,0,1,0,0,0,0,0,1,0,0,1,0,1,0,0.8024892446959784,0.7508005040330845,0.6212804840746304,-0.936695029496521,7328.0
171,0,0,0,0,0,0,0,0,0,0,0,0,1,0,0,1,0,0,0,0,0,1,1,0,0,-0.9844191979166611,-0.8603175953831295,0.4846617979480139,-1.0797923237720717,3669.0
172,0,0,0,0,0,0,0,0,0,0,0,0,1,0,0,0,0,0,0,0,1,0,1,0,0,0.2664167119121865,0.34802097917903096,0.21143837776648636,0.9865934436448324,7965.0
173,0,0,1,0,0,0,0,0,0,0,1,0,0,0,0,1,0,0,0,0,0,1,1,0,0,1.4279071996104022,1.3549697913141647,-0.2914221905929375,0.01714634014353558,4326.0
174,0,0,0,0,0,0,0,0,0,0,0,1,0,0,0,0,0,1,0,0,0,1,1,0,0,0.7131438225653464,0.7508005040330845,-0.021100801325864352,0.684639747926729,7733.0
175,0,0,0,0,0,0,0,0,0,0,0,0,1,0,0,1,0,0,0,0,0,1,1,0,0,-0.2696558208716053,-0.15545342688853586,0.9642642627766921,-0.920769767914944,4187.0
176,1,0,0,1,0,0,0,0,0,0,0,0,0,0,0,0,0,0,0,0,1,0,1,0,0,-2.5032913741374045,-2.572130576012857,-1.63140008516293,-0.2410959634325185,981.0
177,1,0,0,0,1,0,0,0,0,0,0,0,0,0,0,0,0,0,0,0,1,0,1,0,0,-1.252455464308557,-1.4644868826642097,-1.6604692265584369,2.9499890362428376,2732.0
178,0,0,0,0,0,0,0,0,0,0,0,0,0,1,0,0,1,0,0,0,0,1,0,0,1,-0.5376920872635013,-0.35684318931556264,2.2926200816171636,-0.920769767914944,1607.0
179,0,0,1,0,0,0,0,0,0,1,0,0,0,0,0,0,1,0,0,0,0,1,1,0,0,1.517252621741034,1.6570544349547047,0.11551788480075172,-0.769850435045553,4541.0
180,0,1,0,0,0,1,0,0,0,0,0,0,0,0,0,1,0,0,0,0,0,1,1,0,0,-0.3590012430022373,-0.25614830810204925,-1.0878482996784775,2.5049380462491837,5558.0
181,0,1,0,0,0,0,0,1,0,0,0,0,0,0,0,0,0,1,0,0,0,1,0,1,0,0.2664167119121865,0.2473260979655176,1.647336765302215,0.13622793095858599,3855.0
182,0,1,0,0,0,0,0,0,1,0,0,0,0,0,0,0,0,1,0,0,0,1,1,0,0,1.517252621741034,1.455664672527678,-0.2914221905929375,-0.9844196898059985,6211.0
183,0,0,1,0,0,0,0,0,0,0,1,0,0,0,0,1,0,0,0,0,0,1,1,0,0,1.517252621741034,1.3549697913141647,-0.5791836694901443,-0.4360462161642956,4266.0
184,0,0,0,0,0,0,0,0,0,0,0,0,0,0,0,0,0,1,0,0,0,1,1,0,0,-0.3590012430022373,-0.35684318931556264,-1.0384370377383825,1.702284412763601,5729.0
185,0,0,0,0,0,0,0,0,0,0,0,0,0,1,0,0,1,0,0,0,0,1,0,1,0,-0.8950737757860291,-1.0617073578101561,0.20271833295141947,1.9326638991263023,4094.0
186,0,0,0,0,0,0,0,0,0,0,0,0,0,1,0,0,0,0,0,1,0,1,1,0,0,-0.8950737757860291,-0.8603175953831295,-0.7797447002366825,0.9629483923399225,5847.0
187,0,1,0,0,0,0,0,1,0,0,0,0,0,0,0,0,0,0,0,0,0,0,1,0,0,0.6237984004347145,0.6501056228195711,-0.7216064174456678,0.8120290594705316,7129.0
188,0,0,1,0,0,0,0,0,0,0,1,0,0,0,0,0,0,0,0,1,0,1,1,0,0,1.2492163553491382,-1.565181763877723,-0.43966295244907433,0.5178974023462686,7148.0
189,0,0,1,0,0,0,0,0,0,0,1,0,0,0,0,0,0,0,0,0,1,0,1,0,0,1.0705255110878742,1.0528851476736245,0.28119873628702136,-1.1038591516678256,5191.0
190,1,0,0,0,1,0,0,0,0,0,0,0,0,0,0,0,0,0,0,1,0,1,0,1,0,-1.252455464308557,-1.263097120237183,-0.65475506587544,-0.9445809736344286,3831.0
191,0,0,1,0,0,0,0,0,0,1,0,0,0,0,0,0,0,0,0,0,0,0,0,1,0,0.8918346668266104,0.8514953852465978,0.8974129112064637,-1.238648725214624,7410.0
192,0,0,0,0,0,0,0,0,0,0,0,0,0,1,0,1,0,0,0,0,0,1,1,0,0,0.08772586765092258,0.2473260979655176,-0.326302369853205,1.4795735916889785,4486.0
193,0,0,1,0,0,0,0,0,0,1,0,0,0,0,0,0,0,0,0,0,0,0,0,1,0,1.1598709332185062,1.153580028887138,0.3393300430421837,0.4859957547478607,4649.0
194,0,0,1,0,0,0,0,0,0,0,0,1,0,0,0,0,0,0,0,0,0,0,1,0,0,0.4451075561734505,0.44871586039254435,-0.4454739903138355,-1.2864245099593552,7333.0
195,0,0,1,0,0,0,0,0,0,0,0,1,0,0,0,0,0,0,0,1,0,1,1,0,0,0.7131438225653464,0.6501056228195711,0.26956968452164876,-1.1115789413911583,8009.0
196,0,1,0,0,0,0,1,0,0,0,0,0,0,0,0,1,0,0,0,0,0,1,0,1,0,-0.2696558208716053,-0.15545342688853586,-0.4454739903138355,-0.24533929155858875,5572.0
197,0,0,0,0,0,0,0,0,0,0,0,0,1,0,0,0,0,0,1,0,0,1,1,0,0,-0.09096497661034136,-0.0547585456750225,-0.09086115984639935,-0.7142014872717277,4765.0
198,1,0,0,1,0,0,0,0,0,0,0,0,0,0,0,0,0,0,0,1,0,1,1,0,0,-1.877873419222981,-2.06865616994529,-1.23318703062016,2.0757611934018527,1543.0
199,0,1,0,0,0,0,0,0,1,0,0,0,0,0,0,1,0,0,0,0,0,1,0,1,0,0.7131438225653464,0.7508005040330845,0.7840523286105944,-0.4519203533106187,4010.0
200,1,0,0,0,1,0,0,0,0,0,0,0,0,0,0,1,0,0,0,0,0,1,1,0,0,-1.252455464308557,-1.1624022390236697,-0.08150629576879585,-0.47332871057317216,3784.0
201,0,0,0,0,0,0,0,0,0,0,0,0,0,1,0,1,0,0,0,0,0,1,1,0,0,-1.073764620047293,-1.1624022390236697,-0.9744877170826072,0.5814322942580016,5259.0
202,0,0,1,0,0,0,0,0,0,1,0,0,0,0,0,0,0,0,0,1,0,1,0,1,0,0.8918346668266104,0.8514953852465978,1.4671248311361174,0.23176671933923468,5870.0
203,0,0,1,0,0,0,0,0,1,0,0,0,0,0,0,0,0,0,0,0,0,0,1,0,0,0.9811800889572423,0.9521902664601112,-0.8407850139421507,-1.2308266866207838,5305.0
204,0,0,0,0,0,0,0,0,0,0,0,0,0,1,1,0,0,0,1,0,0,0,1,0,0,-0.7163829315247652,-0.7596227141696161,-0.5908057452196657,-0.3007326171561448,1495.0
205,0,0,1,0,0,0,0,0,0,1,0,0,0,0,0,1,0,0,0,0,0,1,1,0,0,1.3385617774797702,1.3549697913141647,0.12132892266551187,0.31915116029689256,4458.0
206,0,1,0,0,0,0,1,0,0,0,0,0,0,0,0,0,0,0,0,0,0,0,1,0,0,0.5344529783040824,0.5494107416060577,-0.878567224116873,0.4383349999824508,7132.0
207,0,0,1,0,0,0,0,0,0,0,0,1,0,0,0,0,0,1,0,0,0,1,1,0,0,1.2492163553491382,1.455664672527678,0.7491721493503268,-0.03866876204486485,7112.0
208,0,0,0,0,0,0,0,0,0,0,0,1,0,0,0,0,0,0,0,0,1,0,0,1,0,0.5344529783040824,0.5494107416060577,1.5950164964118139,-1.4372415939582386,5423.0
209,0,1,0,0,0,0,0,1,0,0,0,0,0,0,0,1,0,0,0,0,0,1,0,1,0,0.17707128978155456,0.2473260979655176,0.21143837776648636,0.5098069604673455,6273.0
210,0,1,0,0,0,0,0,1,0,0,0,0,0,0,0,0,0,1,0,0,0,1,1,0,0,0.17707128978155456,0.2473260979655176,-0.006562742610185529,-0.8971247166100342,4182.0
211,0,0,0,0,0,0,0,0,0,0,0,0,0,0,0,1,0,0,0,0,0,1,0,1,0,-0.7163829315247652,-0.5582329517425894,1.3479462346396365,-1.64397602901603,3811.0
212,0,0,1,0,0,0,0,0,0,0,0,1,0,0,0,0,0,1,0,0,0,1,1,0,0,0.5344529783040824,0.5494107416060577,-0.39606272837373996,-0.753925173463976,7870.0
213,0,1,0,0,0,0,0,1,0,0,0,0,0,0,0,0,0,0,0,1,0,1,1,0,0,0.7131438225653464,0.6501056228195711,0.7084809322252973,-0.35653493823573174,6296.0
214,0,0,1,0,0,0,0,0,0,1,0,0,0,0,0,0,0,0,1,0,0,1,1,0,0,1.517252621741034,1.6570544349547047,-0.2594440422471234,1.201162698405278,6861.0
215,0,0,1,0,0,0,0,0,0,0,1,0,0,0,0,0,0,1,0,0,0,1,1,0,0,0.9811800889572423,0.9521902664601112,-0.5704636246750775,-1.000396075822829,7697.0
216,0,0,1,0,0,0,0,0,0,1,0,0,0,0,0,0,0,1,0,0,0,1,1,0,0,1.3385617774797702,1.2542749101006514,-0.015282787425251907,-0.5713214718460057,4342.0
217,0,1,0,0,0,0,0,1,0,0,0,0,0,0,0,0,0,0,0,0,1,0,1,0,0,0.5344529783040824,0.5494107416060577,-0.05016296668551941,-0.8970224677395267,5805.0
218,1,0,0,0,1,0,0,0,0,0,0,0,0,0,0,0,1,0,0,0,0,1,1,0,0,-1.252455464308557,-1.1624022390236697,-0.2756214693880362,0.1902281156954744,3777.0
219,0,1,0,0,0,0,1,0,0,0,0,0,0,0,0,0,0,0,0,0,1,0,1,0,0,0.3557621340428185,0.34802097917903096,0.34223904999249044,1.1854930589999695,6624.0
220,0,1,0,0,0,0,0,0,1,0,0,0,0,0,0,0,0,0,1,0,0,1,1,0,0,1.1598709332185062,1.0528851476736245,-2.2941234911080124,1.2966887056771128,4968.0
221,0,0,0,0,0,0,0,0,0,0,0,0,0,1,0,0,0,0,0,0,0,0,1,0,0,-1.5204917307004528,-1.4644868826642097,-1.154706627284558,-0.5155063696576057,2424.0
222,1,0,0,1,0,0,0,0,0,0,0,0,0,0,0,0,1,0,0,0,0,1,0,1,0,-1.877873419222981,-1.8672664075182632,0.3662854455745191,-0.8780808644779718,1263.0
223,0,0,0,0,0,0,0,0,0,0,0,1,0,0,0,0,1,0,0,0,0,1,0,1,0,0.7131438225653464,0.5494107416060577,1.7548863100333243,-0.9287068364881055,4120.0
224,0,1,0,0,0,0,1,0,0,0,0,0,0,0,0,0,0,0,1,0,0,1,1,0,0,-0.3590012430022373,-0.35684318931556264,-0.21584381817178905,-0.36453591235296084,3141.0
225,0,0,1,0,0,0,0,0,0,1,0,0,0,0,0,0,0,0,0,0,1,0,1,0,0,1.695943466002298,1.5563595537411914,-1.172146716914692,-0.284973509989143,4475.0
226,1,0,0,0,0,0,0,0,0,0,0,0,0,0,0,0,0,0,0,0,0,0,1,0,0,-1.5204917307004528,-1.4644868826642097,-0.8262469552264713,-0.7381149418617203,1787.0
227,0,0,1,0,0,0,0,0,0,1,0,0,0,0,0,1,0,0,0,0,0,1,1,0,0,1.3385617774797702,1.2542749101006514,0.42071945332809135,-0.6665407325063177,6966.0
228,0,0,1,0,0,0,0,0,0,1,0,0,0,0,0,1,0,0,0,0,0,1,1,0,0,1.517252621741034,1.3549697913141647,-1.302947389140695,0.05666552859476819,6227.0
229,0,0,0,0,0,0,0,0,0,0,0,0,0,1,0,0,1,0,0,0,0,1,0,1,0,-0.7163829315247652,-0.6589278329561027,0.3567701326723175,-1.3817460194901747,5634.0
230,0,1,0,0,0,0,0,0,1,0,0,0,0,0,0,0,0,0,0,0,1,0,1,0,0,0.7131438225653464,0.6501056228195711,-0.9047273585620722,-0.30887418347032175,7702.0
231,0,0,0,0,0,0,0,0,0,0,0,0,0,1,1,1,0,0,0,0,0,0,1,0,0,-0.09096497661034136,-0.0547585456750225,0.7520811563006317,-0.22132358809808872,6269.0
232,0,0,0,0,0,0,0,0,0,0,0,0,0,1,0,0,1,0,0,0,0,1,0,1,0,-0.2696558208716053,-0.25614830810204925,1.3741063690848372,0.8596386898006873,2914.0
233,1,0,0,0,0,1,0,0,0,0,0,0,0,0,0,0,0,0,1,0,0,1,1,0,0,-0.5376920872635013,-0.45753807052907597,-0.21584381817178905,0.23958875793307474,2744.0
234,1,0,0,0,0,1,0,0,0,0,0,0,0,0,0,0,0,0,0,0,1,0,1,0,0,-0.18031039874097332,-0.15545342688853586,-1.7767318400687597,2.2665192424428136,3117.0
235,0,0,1,0,0,0,0,0,0,0,0,1,0,0,0,0,0,1,0,0,0,1,0,1,0,0.4451075561734505,0.44871586039254435,1.85661784086382,-1.2069132320307914,4352.0
236,0,1,0,0,0,0,0,1,0,0,0,0,0,0,1,1,0,0,0,0,0,0,1,0,0,1.2492163553491382,1.153580028887138,0.3567701326723175,-0.7618622420371374,4098.0
237,0,0,0,0,0,0,0,0,0,0,0,0,0,1,0,0,0,0,0,0,0,0,1,0,0,-0.44834666513286925,-0.35684318931556264,0.17655819850621984,-0.8094718723672933,6852.0
238,0,1,0,0,0,0,0,1,0,0,0,0,0,0,0,0,1,0,0,0,0,1,1,0,0,1.2492163553491382,1.153580028887138,0.3538611257220108,1.336476297413428,5743.0
239,0,0,0,0,0,0,0,0,0,0,0,0,0,1,0,0,0,0,0,0,1,0,1,0,0,-1.073764620047293,-0.9610124765966428,-0.6169658796648653,-0.14192734014884612,5629.0
240,0,1,0,0,0,0,1,0,0,0,0,0,0,0,0,0,0,0,0,0,1,0,1,0,0,-0.09096497661034136,0.04593633553849087,-0.913447403377139,0.0010677052561968831,7460.0
241,0,0,1,0,0,0,0,0,0,1,0,0,0,0,0,0,0,1,0,0,0,1,1,0,0,1.606598043871666,1.6570544349547047,-0.39606272837373996,-0.6824020885438273,5713.0
242,0,1,0,0,0,0,1,0,0,0,0,0,0,0,0,0,0,0,0,1,0,1,1,0,0,-0.6270375093941332,-0.5582329517425894,-1.79126989878444,1.4002284681749897,6460.0
243,0,0,1,0,0,0,0,0,0,0,0,1,0,0,0,0,0,0,0,0,0,0,1,0,0,0.8024892446959784,0.7508005040330845,0.5573311634188556,-0.9685455526596749,5046.0
244,1,0,0,1,0,0,0,0,0,0,0,0,0,0,0,0,0,0,1,0,0,1,1,0,0,-1.341800886439189,-1.263097120237183,-0.7652066415210022,-0.7776852547482068,3272.0
245,0,0,0,0,0,0,0,0,0,0,0,0,0,1,0,0,0,0,0,1,0,1,1,0,0,-1.341800886439189,-1.3637920014506963,-1.561639726642395,-0.28502463442439696,3392.0
246,0,1,0,0,0,0,0,0,1,0,0,0,0,0,0,0,0,1,0,0,0,1,0,1,0,1.4279071996104022,1.455664672527678,0.3015408568316095,0.2078021403139882,3974.0
247,0,0,0,0,0,0,0,0,0,0,0,0,1,0,0,0,0,0,0,0,0,0,1,0,0,-1.073764620047293,-1.0617073578101561,-0.07051206326595938,-0.18170215077634827,3331.0
248,0,0,1,0,0,0,0,0,0,1,0,0,0,0,0,0,0,0,0,0,0,0,1,0,0,1.3385617774797702,1.2542749101006514,-0.38734268355867313,-0.09410043096886131,4881.0
249,0,0,1,0,0,0,0,0,0,0,1,0,0,0,0,0,0,0,1,0,0,1,1,0,0,1.4279071996104022,1.3549697913141647,-0.09376319076085378,-0.44393216030220345,7286.0
250,0,0,0,0,0,0,0,0,0,0,0,0,0,0,0,0,0,0,1,0,0,1,0,1,0,-0.44834666513286925,-0.45753807052907597,0.0021573022048828336,0.9868107224946611,3709.0
251,0,0,1,0,0,0,0,0,0,0,0,1,0,0,0,0,0,0,1,0,0,1,1,0,0,0.8024892446959784,0.8514953852465978,0.03703748146515033,-0.6267531407700021,5115.0
252,0,1,0,0,0,1,0,0,0,0,0,0,0,0,0,0,1,0,0,0,0,1,1,0,0,-1.163110042177925,-1.263097120237183,-2.230174170452238,0.46219733013718944,2425.0
253,0,0,0,0,0,0,0,0,0,0,0,0,1,0,0,0,0,0,1,0,0,1,0,1,0,0.2664167119121865,0.2473260979655176,1.1619232626087768,-0.8494128374093706,7359.0
254,1,0,0,0,1,0,0,0,0,0,0,0,0,0,0,0,0,0,1,0,0,1,1,0,0,-0.2696558208716053,-0.25614830810204925,-0.5530235350449433,0.0010165808209429733,5062.0
255,0,0,0,0,0,0,0,0,0,0,0,0,1,0,0,0,0,0,0,0,0,0,1,0,0,-0.0016195544797093868,0.14663121675200425,-1.0268079859730095,1.1615923855187906,5041.0
256,0,0,0,0,0,0,0,0,0,0,0,0,1,0,0,0,0,1,0,0,0,1,1,0,0,-0.0016195544797093868,0.14663121675200425,-0.021100801325864352,-0.038502607630289995,7691.0
257,0,1,0,0,0,0,0,0,1,0,0,0,0,0,0,0,0,0,1,0,0,1,0,1,0,0.7131438225653464,0.7508005040330845,0.3800212601672114,0.1998650717408265,3767.0
258,0,0,1,0,0,0,0,0,0,0,1,0,0,0,0,0,0,0,0,0,1,0,1,0,0,0.9811800889572423,0.8514953852465978,-0.2129417872573356,-0.1657257647595174,7865.0
259,0,0,0,0,0,0,0,0,0,0,0,0,0,1,0,0,0,0,1,0,0,1,0,1,0,-1.073764620047293,-1.0617073578101561,-0.09376319076085378,-0.4837197520385191,5445.0
260,0,1,0,0,0,0,0,0,1,0,0,0,0,0,0,0,0,0,0,0,0,0,0,1,0,0.8024892446959784,0.8514953852465978,0.13004896748057876,-0.6664257025269965,4906.0
261,1,0,0,0,0,0,0,0,0,0,0,0,0,0,0,0,0,0,0,1,0,1,1,0,0,-0.7163829315247652,-0.6589278329561027,0.3654901774873844,1.0661047215733959,2209.0
262,1,0,0,1,0,0,0,0,0,0,0,0,0,0,0,0,1,0,0,0,0,1,0,1,0,-0.7163829315247652,-0.7596227141696161,0.5736341592051046,2.023205273960886,2935.0
263,0,0,0,0,0,0,0,0,0,0,0,0,1,0,0,0,0,0,0,1,0,1,1,0,0,-0.0016195544797093868,0.14663121675200425,0.3509590948075563,-2.1528686575329403,4985.0
264,0,1,0,0,0,0,0,1,0,0,0,0,0,0,0,0,0,0,0,0,1,0,1,0,0,0.08772586765092258,0.14663121675200425,-0.6460350210603731,-0.38833433696363173,4714.0
265,1,0,0,1,0,0,0,0,0,0,0,0,0,0,0,0,0,0,0,0,0,0,1,0,0,-2.3246005298761405,-2.4714356947993434,-1.376621303774232,0.7127581873163513,986.0
266,0,0,1,0,0,0,0,0,0,0,0,1,0,0,0,0,0,0,0,0,1,0,0,1,0,0.8918346668266104,0.8514953852465978,1.153203217793708,1.1537575658161372,5976.0
267,0,0,0,0,0,0,0,0,0,0,0,0,1,0,0,0,0,0,0,0,1,0,0,1,0,0.08772586765092258,0.14663121675200425,0.60093138749419,0.5733418523790785,7852.0
268,0,0,0,0,0,0,0,0,0,0,0,0,1,0,1,1,0,0,0,0,0,0,1,0,0,0.3557621340428185,0.34802097917903096,0.6968518804599256,-1.898371218839231,5117.0
269,0,1,0,0,0,0,1,0,0,0,0,0,0,0,1,1,0,0,0,0,0,0,1,0,0,0.8918346668266104,0.8514953852465978,-0.5036052970689959,1.2013671961462928,6370.0
270,1,0,0,1,0,0,0,0,0,0,0,0,0,0,0,0,1,0,0,0,0,1,1,0,0,-2.056564263484245,-2.2700459323723168,-1.343638606265723,2.234617594844406,2236.0
271,1,0,0,1,0,0,0,0,0,0,0,0,0,0,0,0,0,1,0,0,0,1,0,0,1,-1.6098371528310849,-1.76657152630475,1.5950164964118139,1.3166655787525579,506.0
272,0,0,1,0,0,0,0,0,0,1,0,0,0,0,0,0,0,0,0,0,1,0,1,0,0,0.9811800889572423,0.9521902664601112,-0.3408334525330325,0.22377852633081907,5923.0
273,1,0,0,0,0,1,0,0,0,0,0,0,0,0,0,0,0,0,0,0,0,0,0,1,0,-0.7163829315247652,-0.7596227141696161,2.193288307119774,1.9485252551638117,605.0
274,1,0,0,1,0,0,0,0,0,0,0,0,0,0,0,0,0,0,0,0,0,0,1,0,0,-1.5204917307004528,-1.565181763877723,-1.0471570825534493,-0.030680569036449584,1204.0
275,0,1,0,0,0,0,1,0,0,0,0,0,0,0,0,0,0,1,0,0,0,1,1,0,0,-0.8950737757860291,-0.9610124765966428,-1.1461121511148284,1.3348658777029312,4862.0
276,0,0,0,0,0,0,0,0,0,0,0,0,1,0,0,0,1,0,0,0,0,1,1,0,0,-0.18031039874097332,-0.15545342688853586,-0.07632310113071904,-0.3089892134496431,4687.0
277,0,0,1,0,0,0,0,0,0,0,0,1,0,0,0,0,0,0,1,0,0,1,1,0,0,0.6237984004347145,0.6501056228195711,0.022499422749470026,-1.3817971439254289,7804.0
278,0,0,0,0,0,0,0,0,0,0,0,0,0,0,0,0,0,0,0,0,1,0,1,0,0,-1.163110042177925,-1.0617073578101561,-0.14608345965125405,-1.214850300603953,3614.0
279,1,0,0,1,0,0,0,0,0,0,0,0,0,0,0,0,0,0,1,0,0,1,1,0,0,-1.7885279970923489,-1.6658766450912363,0.37421022230245127,-0.9841001620856615,431.0
280,0,0,1,0,0,0,0,0,0,0,1,0,0,0,0,0,0,0,0,0,1,0,0,1,0,1.0705255110878742,0.9521902664601112,0.6910408425951655,0.1999673206113343,6299.0
281,1,0,0,0,1,0,0,0,0,0,0,0,0,0,0,0,0,0,0,0,0,0,1,0,0,-1.073764620047293,-1.0617073578101561,-1.2310384115777275,0.8953107644990671,1589.0
282,0,1,0,0,0,0,0,1,0,0,0,0,0,0,0,0,0,0,0,0,1,0,1,0,0,0.3557621340428185,0.34802097917903096,-1.0704082100483439,-0.8652869745556936,7429.0
283,0,1,0,0,0,0,0,1,0,0,0,0,0,0,0,0,0,1,0,0,0,1,0,1,0,0.8024892446959784,0.8514953852465978,0.252129594891515,-0.722189680280143,6855.0
284,0,0,0,0,0,0,0,0,0,0,0,0,0,1,0,0,0,0,0,1,0,1,1,0,0,-1.163110042177925,-1.0617073578101561,0.10969987090013927,-1.6917390326519475,5668.0
285,0,0,1,0,0,0,0,0,0,1,0,0,0,0,0,0,0,0,0,0,0,0,1,0,0,1.3385617774797702,1.3549697913141647,0.586400304814363,-0.30887418347032175,6031.0
286,0,1,0,0,0,1,0,0,0,0,0,0,0,0,0,0,0,0,0,1,0,1,0,1,0,-0.8057283536553972,-0.6589278329561027,-0.36990259392853936,-0.6744138955354121,5459.0
287,1,0,0,1,0,0,0,0,0,0,0,0,0,0,0,1,0,0,0,0,0,1,0,1,0,-1.6098371528310849,-1.565181763877723,1.9350982441994218,-1.0240922515629924,2432.0
288,1,0,0,0,0,1,0,0,0,0,0,0,0,0,0,0,0,0,0,0,0,0,1,0,0,-0.7163829315247652,-0.6589278329561027,-0.7427159019339831,1.0195559232747577,2417.0
289,0,0,1,0,0,0,0,0,1,0,0,0,0,0,0,0,1,0,0,0,0,1,1,0,0,0.7131438225653464,0.6501056228195711,-1.8174300332296407,2.0041869840464503,7442.0
290,0,1,0,0,0,0,1,0,0,0,0,0,0,0,0,0,0,0,0,0,0,0,0,1,0,-0.44834666513286925,-0.45753807052907597,0.29572981896684936,-0.2372999741149196,6041.0
291,0,0,0,0,0,0,0,0,0,0,0,1,0,0,0,0,1,0,0,0,0,1,1,0,0,0.2664167119121865,0.34802097917903096,-0.4454739903138355,0.5813811698227477,7538.0
292,1,0,0,0,0,1,0,0,0,0,0,0,0,0,0,0,0,1,0,0,0,1,1,0,0,-0.6270375093941332,-0.6589278329561027,-0.8407850139421507,1.9803757783269658,4916.0
293,0,0,1,0,0,0,0,0,0,0,0,1,0,0,0,0,0,1,0,0,0,1,1,0,0,0.2664167119121865,0.34802097917903096,-0.6780061933703344,0.31111184285322335,7591.0
294,0,0,0,0,0,0,0,0,0,0,0,0,1,0,0,1,0,0,0,0,0,1,0,1,0,0.2664167119121865,0.34802097917903096,0.5137309393435212,1.344617863727605,5875.0
295,0,0,1,0,0,0,0,0,0,0,0,1,0,0,0,0,0,0,1,0,0,1,0,1,0,0.7131438225653464,0.44871586039254435,1.8711489235436471,-0.8014836793588781,4795.0
296,0,0,1,0,0,0,0,0,0,1,0,0,0,0,0,0,0,0,0,1,0,1,1,0,0,1.874634310263562,1.959139078595245,-0.6373149762453063,-0.21338651952492735,3846.0
297,0,0,0,0,0,0,0,0,0,0,0,0,0,1,0,0,0,0,0,0,0,0,1,0,0,-0.3590012430022373,-0.35684318931556264,-1.2244669858050932,1.1616435099540445,3717.0
298,0,1,0,0,0,0,0,1,0,0,0,0,0,0,1,1,0,0,0,0,0,0,1,0,0,1.1598709332185062,1.2542749101006514,0.29572981896684936,0.07269303904685298,6043.0
299,0,0,0,0,0,0,0,0,0,0,0,0,0,1,0,0,0,0,1,0,0,1,0,1,0,-0.7163829315247652,-0.6589278329561027,1.252025741673899,-0.022577346048712674,2933.0
300,0,1,0,0,0,0,0,0,1,0,0,0,0,0,0,1,0,0,0,0,0,1,0,1,0,0.3557621340428185,0.34802097917903096,1.004962455937571,-0.2056156053663405,5099.0
301,0,0,0,0,0,0,0,0,0,0,0,0,0,1,0,0,0,1,0,0,0,1,0,0,1,-0.2696558208716053,-0.25614830810204925,2.065898916425425,-0.6902369082464812,1817.0
302,1,0,0,1,0,0,0,0,0,0,0,0,0,0,0,0,0,0,0,0,1,0,0,1,0,-1.9672188413536127,-2.06865616994529,-0.6838242072709468,0.9709877097835916,959.0
303,1,0,0,1,0,0,0,0,0,0,0,0,0,0,0,0,0,0,0,0,0,0,1,0,0,-1.252455464308557,-1.3637920014506963,-2.250523267032678,0.6290419245881577,3243.0
304,0,1,0,0,0,0,0,1,0,0,0,0,0,0,0,0,0,0,0,0,0,0,1,0,0,0.5344529783040824,0.5494107416060577,0.8073034561054883,-0.5473568928207595,4660.0
305,0,1,0,0,0,1,0,0,0,0,0,0,0,0,0,1,0,0,0,0,0,1,1,0,0,-1.341800886439189,-1.4644868826642097,-2.3138377684259157,0.27313916856841974,2028.0
306,0,1,0,0,0,0,1,0,0,0,0,0,0,0,0,1,0,0,0,0,0,1,0,1,0,-1.073764620047293,-1.1624022390236697,0.9264820526019691,1.439952154367238,3214.0
307,0,1,0,0,0,0,0,1,0,0,0,0,0,0,0,0,0,0,0,1,0,1,1,0,0,0.3557621340428185,0.44871586039254435,-0.7710246554216151,-0.690390281552243,7639.0
308,0,0,1,0,0,0,0,0,0,0,1,0,0,0,0,0,0,0,1,0,0,1,0,1,0,1.1598709332185062,1.153580028887138,0.8625327319461963,0.08073235649052216,4576.0
309,0,0,1,0,0,0,0,0,0,0,1,0,0,0,0,0,0,0,0,1,0,1,0,1,0,1.4279071996104022,1.5563595537411914,0.060288608960043746,0.3189977869911312,7175.0
310,0,0,1,0,0,0,0,0,0,1,0,0,0,0,0,1,0,0,0,0,0,1,1,0,0,1.4279071996104022,1.5563595537411914,0.0777286985901775,-0.34057133332771433,6830.0
311,1,0,0,0,1,0,0,0,0,0,0,0,0,0,0,0,0,0,0,1,0,1,1,0,0,-1.073764620047293,-1.1624022390236697,-0.7477665518908694,-0.15768644731584788,4151.0
312,0,0,0,0,0,0,0,0,0,0,0,0,1,0,0,0,1,0,0,0,0,1,0,1,0,-1.073764620047293,-1.0617073578101561,1.3365892482724901,0.2834279611632588,1096.0
313,0,1,0,0,0,0,0,1,0,0,0,0,0,0,0,0,0,0,0,0,1,0,0,1,0,0.6237984004347145,0.6501056228195711,0.8567216940814341,-0.4836558464944513,6883.0
314,0,0,1,0,0,0,0,0,0,0,0,1,0,0,0,0,0,0,0,0,1,0,1,0,0,0.8918346668266104,0.7508005040330845,0.8363725975009957,-0.47578268346535735,5345.0
315,0,1,0,0,0,0,1,0,0,0,0,0,0,0,0,0,0,0,0,1,0,1,1,0,0,-0.3590012430022373,-0.35684318931556264,-1.5732687784077681,-0.4519714777458726,6398.0
316,1,0,0,0,0,0,0,0,0,0,0,0,0,0,0,0,0,0,0,0,1,0,1,0,0,-1.163110042177925,-1.1624022390236697,-0.6373149762453063,-0.006767114446457003,1011.0
317,0,0,1,0,0,0,0,0,0,0,0,1,0,0,0,1,0,0,0,0,0,1,1,0,0,0.8024892446959784,0.7508005040330845,0.40681621387494915,-1.3026565181524554,4713.0
318,0,0,0,0,0,0,0,0,0,0,0,0,1,0,0,0,1,0,0,0,0,1,1,0,0,-0.09096497661034136,-0.0547585456750225,0.531171028973655,0.19197912760291905,4456.0
319,0,0,1,0,0,0,0,0,1,0,0,0,0,0,0,0,1,0,0,0,0,1,1,0,0,1.3385617774797702,1.3549697913141647,0.0021573022048828336,-0.5949665231509156,4648.0
320,0,0,0,0,0,0,0,0,0,0,0,0,1,0,0,0,0,0,0,0,0,0,1,0,0,0.17707128978155456,0.2473260979655176,0.6532516563845913,-1.6281018918697068,5511.0
321,1,0,0,1,0,0,0,0,0,0,0,0,0,0,0,0,0,0,1,0,0,1,0,1,0,-0.8950737757860291,-0.8603175953831295,0.9468241731465603,-1.500980983610987,4075.0
322,0,1,0,0,0,0,0,1,0,0,0,0,0,0,0,0,0,1,0,0,0,1,0,1,0,0.6237984004347145,0.6501056228195711,0.9817043524068277,-1.1353901471106431,5260.0
323,0,0,1,0,0,0,0,0,0,0,1,0,0,0,0,1,0,0,0,0,0,1,0,1,0,1.3385617774797702,1.455664672527678,0.14167801924595233,-0.7857756966271299,7013.0
324,0,1,0,0,0,0,0,1,0,0,0,0,0,0,0,0,1,0,0,0,0,1,1,0,0,0.17707128978155456,0.2473260979655176,-1.0093678963428756,-0.9606596085217672,4803.0
325,0,1,0,0,0,0,0,1,0,0,0,0,0,0,0,0,0,1,0,0,0,1,1,0,0,0.8918346668266104,0.8514953852465978,0.43525053600791935,-0.4677944904569421,4978.0
326,0,0,0,0,0,0,0,0,0,0,0,0,1,0,0,0,0,0,0,0,0,0,0,1,0,-0.5376920872635013,-0.45753807052907597,0.5195419772082814,-0.634856363757739,3510.0
327,0,0,0,0,0,0,0,0,0,0,0,0,0,0,0,0,0,0,0,0,0,0,0,1,0,-0.8057283536553972,-0.7596227141696161,1.4293356449255432,-1.1514687819979816,3786.0
328,1,0,0,0,0,1,0,0,0,0,0,0,0,0,0,1,0,0,0,0,0,1,1,0,0,-1.073764620047293,-0.9610124765966428,-0.9550245770553787,-0.6889971406915754,2046.0
329,0,0,1,0,0,0,0,0,0,0,1,0,0,0,0,0,0,1,0,0,0,1,1,0,0,0.8918346668266104,0.9521902664601112,-0.20131273549196252,0.7959376434743793,5130.0
330,1,0,0,0,1,0,0,0,0,0,0,0,0,0,0,1,0,0,0,0,0,1,1,0,0,-1.341800886439189,-1.1624022390236697,0.7288230527698883,-1.8586986570822368,1712.0
